12|111|1|0|5.70|0.00|31816473.32|31815938.90|31816479.02|31815938.90|540.12|0.00
12|111|3|0|7666144.54|0.00|92077293.19|94548418.75|99743437.73|94548418.75|5195018.98|0.00
12|111|15|0|235.23|0.00|27579554.69|27579502.73|27579789.92|27579502.73|287.19|0.00
12|111|33|0|138.43|0.00|1023.98|1023.98|1162.41|1023.98|138.43|0.00
12|111|35|0|0.00|0.00|337100.86|94776.67|337100.86|94776.67|242324.19|0.00
12|112|1|1|0.00|0.00|1069.59|1069.49|1069.59|1069.49|0.10|0.00
12|112|1|2|8502.51|0.00|103243.39|93265.52|111745.90|93265.52|18480.38|0.00
12|112|1|3|0.00|0.00|366.00|366.00|366.00|366.00|0.00|0.00
12|112|3|0|0.00|0.00|19509852.74|5671690.04|19509852.74|5671690.04|13838162.70|0.00
12|112|5|0|0.00|0.00|3284643.91|2193179.91|3284643.91|2193179.91|1091464.00|0.00
12|112|11|0|6930.48|0.00|0.00|0.00|6930.48|0.00|6930.48|0.00
12|112|13|1|3468.83|0.00|6584.75|4416.31|10053.58|4416.31|5637.27|0.00
12|112|13|3|51500.00|0.00|10000.00|45568.05|61500.00|45568.05|15931.95|0.00
12|112|15|1|898.40|0.00|12723.30|13574.70|13621.70|13574.70|47.00|0.00
12|112|15|3|318.99|0.00|52602.06|52656.49|52921.05|52656.49|264.56|0.00
12|112|36|0|1653652.81|0.00|0.00|0.00|1653652.81|0.00|1653652.81|0.00
12|112|50|0|221676.87|0.00|1441231.45|1662908.32|1662908.32|1662908.32|0.00|0.00
12|113|11|0|0.00|0.00|10699763.20|9661503.88|10699763.20|9661503.88|1038259.32|0.00
12|113|13|0|0.00|0.00|7543794.26|6562737.49|7543794.26|6562737.49|981056.77|0.00
12|113|14|0|0.00|0.00|7614117.65|6667777.21|7614117.65|6667777.21|946340.44|0.00
12|113|17|0|0.00|0.00|5991854.74|4083517.91|5991854.74|4083517.91|1908336.83|0.00
12|113|18|0|0.00|0.00|1332408.56|1136768.34|1332408.56|1136768.34|195640.22|0.00
12|113|19|0|0.00|0.00|701430.97|615724.10|701430.97|615724.10|85706.87|0.00
12|113|24|0|0.00|0.00|21447.17|19927.35|21447.17|19927.35|1519.82|0.00
12|113|28|0|0.00|0.00|27999901.65|22693473.54|27999901.65|22693473.54|5306428.11|0.00
12|113|36|0|0.00|0.00|22420264.53|22372474.22|22420264.53|22372474.22|47790.31|0.00
12|113|81|2|0.00|0.00|213073.99|213073.99|213073.99|213073.99|0.00|0.00
12|113|98|0|0.00|0.00|10795949.14|10795949.14|10795949.14|10795949.14|0.00|0.00
12|122|5|4|1468218.64|0.00|0.00|0.00|1468218.64|0.00|1468218.64|0.00
12|122|5|7|240000.00|0.00|0.00|0.00|240000.00|0.00|240000.00|0.00
12|122|5|9|38411.38|0.00|0.00|0.00|38411.38|0.00|38411.38|0.00
12|122|5|99|38500.00|0.00|0.00|0.00|38500.00|0.00|38500.00|0.00
12|124|98|1|19669943.63|0.00|0.00|11366627.58|19669943.63|11366627.58|8303316.05|0.00
12|125|31|1|0.00|0.00|8291.89|0.00|8291.89|0.00|8291.89|0.00
12|131|1|2|567489.14|0.00|202672.31|436392.67|770161.45|436392.67|333768.78|0.00
12|131|1|3|17929.05|0.00|95000.00|0.00|112929.05|0.00|112929.05|0.00
12|131|1|4|87898.23|0.00|72012.46|123518.39|159910.69|123518.39|36392.30|0.00
12|131|1|5|3850.94|0.00|6254.56|7622.40|10105.50|7622.40|2483.10|0.00
12|131|1|10|7.83|0.00|0.00|0.00|7.83|0.00|7.83|0.00
12|131|1|11|6383.78|0.00|0.00|0.00|6383.78|0.00|6383.78|0.00
12|131|1|13|6463.00|0.00|6092.01|3001.00|12555.01|3001.00|9554.01|0.00
12|131|1|14|29530.24|0.00|0.00|0.00|29530.24|0.00|29530.24|0.00
12|133|15|10|18998.06|0.00|254577.41|0.00|273575.47|0.00|273575.47|0.00
12|133|31|5|0.00|0.00|8139.24|0.00|8139.24|0.00|8139.24|0.00
12|133|32|99|3747.08|0.00|9875.24|0.00|13622.32|0.00|13622.32|0.00
12|133|35|4|0.00|0.00|114164.31|0.00|114164.31|0.00|114164.31|0.00
12|133|36|1|0.00|0.00|12959.52|0.00|12959.52|0.00|12959.52|0.00
12|133|36|3|0.00|0.00|2576.00|0.00|2576.00|0.00|2576.00|0.00
12|133|36|6|0.00|0.00|22500.00|0.00|22500.00|0.00|22500.00|0.00
12|133|38|11|0.00|0.00|11096.46|0.00|11096.46|0.00|11096.46|0.00
12|133|45|4|0.00|0.00|1899.68|0.00|1899.68|0.00|1899.68|0.00
12|135|1|99|7498.00|0.00|0.00|0.00|7498.00|0.00|7498.00|0.00
12|135|5|99|569841.41|0.00|240780.09|81977.72|810621.50|81977.72|728643.78|0.00
12|135|38|1|0.00|0.00|4037.84|4037.84|4037.84|4037.84|0.00|0.00
12|135|38|5|0.00|0.00|1000.00|1000.00|1000.00|1000.00|0.00|0.00
12|141|1|3|706801.69|0.00|102953.97|12.50|809755.66|12.50|809743.16|0.00
12|141|1|4|9512600.04|0.00|2594039.88|142157.00|12106639.92|142157.00|11964482.92|0.00
12|141|1|5|5729294.83|0.00|1490888.78|193695.76|7220183.61|193695.76|7026487.85|0.00
12|141|1|6|87387.67|0.00|8557.08|0.00|95944.75|0.00|95944.75|0.00
12|141|1|7|1982876.60|0.00|525093.28|119947.79|2507969.88|119947.79|2388022.09|0.00
12|141|1|8|361002.59|0.00|0.00|0.00|361002.59|0.00|361002.59|0.00
12|141|1|9|32311.33|0.00|0.00|0.00|32311.33|0.00|32311.33|0.00
12|141|3|1|64335980.76|0.00|0.00|0.00|64335980.76|0.00|64335980.76|0.00
12|141|3|2|54441831.64|0.00|604981.24|0.00|55046812.88|0.00|55046812.88|0.00
12|141|3|99|4724.03|0.00|0.00|0.00|4724.03|0.00|4724.03|0.00
12|141|5|12|33402.53|0.00|37829.33|0.00|71231.86|0.00|71231.86|0.00
12|141|99|3|0.00|368715.57|4.32|36098.87|4.32|404814.44|0.00|404810.12
12|141|99|4|0.00|5075348.90|125069.46|766579.65|125069.46|5841928.55|0.00|5716859.09
12|141|99|5|0.00|4146776.55|174326.18|424575.55|174326.18|4571352.10|0.00|4397025.92
12|141|99|6|0.00|62417.27|0.00|4222.78|0.00|66640.05|0.00|66640.05
12|141|99|7|0.00|1220168.48|107035.58|226488.98|107035.58|1446657.46|0.00|1339621.88
12|142|3|2|1091350.12|0.00|0.00|0.00|1091350.12|0.00|1091350.12|0.00
12|151|11|5|0.00|0.00|3974393.51|3974393.51|3974393.51|3974393.51|0.00|0.00
12|151|11|6|0.00|0.00|3311962.12|3311962.12|3311962.12|3311962.12|0.00|0.00
12|151|12|3|0.00|0.00|652833.10|652833.10|652833.10|652833.10|0.00|0.00
12|151|12|4|0.00|0.00|358481.92|358481.92|358481.92|358481.92|0.00|0.00
12|151|15|3|0.00|0.00|9010.97|9010.97|9010.97|9010.97|0.00|0.00
12|151|15|10|0.00|0.00|2937416.44|2937416.44|2937416.44|2937416.44|0.00|0.00
12|151|16|1|0.00|0.00|936455.28|936455.28|936455.28|936455.28|0.00|0.00
12|151|16|2|0.00|0.00|621739.15|621739.15|621739.15|621739.15|0.00|0.00
12|151|31|5|0.00|0.00|116480.44|116480.44|116480.44|116480.44|0.00|0.00
12|151|32|2|0.00|0.00|24771.80|24771.80|24771.80|24771.80|0.00|0.00
12|151|32|4|0.00|0.00|194780.39|194780.39|194780.39|194780.39|0.00|0.00
12|151|32|5|0.00|0.00|534963.42|534963.42|534963.42|534963.42|0.00|0.00
12|151|32|6|0.00|0.00|41568.20|41568.20|41568.20|41568.20|0.00|0.00
12|151|32|7|0.00|0.00|145.00|145.00|145.00|145.00|0.00|0.00
12|151|32|9|0.00|0.00|36564.06|36564.06|36564.06|36564.06|0.00|0.00
12|151|32|12|0.00|0.00|3075.67|3075.67|3075.67|3075.67|0.00|0.00
12|151|32|17|0.00|0.00|26005.41|26005.41|26005.41|26005.41|0.00|0.00
12|151|32|18|0.00|0.00|95322.87|95322.87|95322.87|95322.87|0.00|0.00
12|151|32|99|0.00|0.00|220907.64|220907.64|220907.64|220907.64|0.00|0.00
12|151|33|1|0.00|0.00|6693.76|6693.76|6693.76|6693.76|0.00|0.00
12|151|33|3|0.00|0.00|3141.44|3141.44|3141.44|3141.44|0.00|0.00
12|151|33|4|0.00|0.00|635.00|635.00|635.00|635.00|0.00|0.00
12|151|33|7|0.00|0.00|6499.24|6499.24|6499.24|6499.24|0.00|0.00
12|151|34|2|0.00|0.00|584594.74|584594.74|584594.74|584594.74|0.00|0.00
12|151|34|3|0.00|0.00|1278.70|1278.70|1278.70|1278.70|0.00|0.00
12|151|34|4|0.00|0.00|218907.45|218907.45|218907.45|218907.45|0.00|0.00
12|151|34|5|0.00|0.00|171462.77|171462.77|171462.77|171462.77|0.00|0.00
12|151|34|17|0.00|0.00|20918.50|20918.50|20918.50|20918.50|0.00|0.00
12|151|34|18|0.00|0.00|12775.60|12775.60|12775.60|12775.60|0.00|0.00
12|151|34|19|0.00|0.00|700.50|700.50|700.50|700.50|0.00|0.00
12|151|34|99|0.00|0.00|129125.51|129125.51|129125.51|129125.51|0.00|0.00
12|151|35|2|0.00|0.00|10744.00|10744.00|10744.00|10744.00|0.00|0.00
12|151|35|3|0.00|0.00|15891.87|15891.87|15891.87|15891.87|0.00|0.00
12|151|35|4|0.00|0.00|206674.44|206674.44|206674.44|206674.44|0.00|0.00
12|151|35|5|0.00|0.00|418597.24|418597.24|418597.24|418597.24|0.00|0.00
12|151|36|1|0.00|0.00|224614.32|224614.32|224614.32|224614.32|0.00|0.00
12|151|36|2|0.00|0.00|27590.67|27590.67|27590.67|27590.67|0.00|0.00
12|151|36|3|0.00|0.00|16656.16|16656.16|16656.16|16656.16|0.00|0.00
12|151|36|4|0.00|0.00|550041.28|550041.28|550041.28|550041.28|0.00|0.00
12|151|36|5|0.00|0.00|147557.02|147557.02|147557.02|147557.02|0.00|0.00
12|151|36|6|0.00|0.00|548276.03|548276.03|548276.03|548276.03|0.00|0.00
12|151|37|2|0.00|0.00|2508.00|2508.00|2508.00|2508.00|0.00|0.00
12|151|37|4|0.00|0.00|1315.88|1315.88|1315.88|1315.88|0.00|0.00
12|151|38|2|486845.44|0.00|194121.46|127973.67|680966.90|127973.67|552993.23|0.00
12|151|38|3|108870.53|0.00|824111.54|713663.40|932982.07|713663.40|219318.67|0.00
12|151|38|4|21961.97|0.00|149424.06|36384.54|171386.03|36384.54|135001.49|0.00
12|151|38|5|0.00|0.00|11545.05|10904.41|11545.05|10904.41|640.64|0.00
12|151|38|6|819.91|0.00|20945.11|10949.10|21765.02|10949.10|10815.92|0.00
12|151|38|7|0.00|0.00|4980.18|4980.18|4980.18|4980.18|0.00|0.00
12|151|38|8|0.00|0.00|1982.06|1982.06|1982.06|1982.06|0.00|0.00
12|151|38|9|0.00|0.00|250.46|250.46|250.46|250.46|0.00|0.00
12|151|38|11|2028391.78|0.00|3905153.86|3076089.23|5933545.64|3076089.23|2857456.41|0.00
12|151|38|12|0.00|0.00|3131.18|3131.18|3131.18|3131.18|0.00|0.00
12|151|38|13|614341.82|0.00|1103390.58|930988.78|1717732.40|930988.78|786743.62|0.00
12|151|38|14|0.00|0.00|39407.04|39407.04|39407.04|39407.04|0.00|0.00
12|151|38|19|0.00|0.00|8215.66|8215.66|8215.66|8215.66|0.00|0.00
12|151|38|23|0.00|0.00|149063.46|149063.46|149063.46|149063.46|0.00|0.00
12|151|38|26|0.00|0.00|6403.91|6403.91|6403.91|6403.91|0.00|0.00
12|151|38|99|4462.17|0.00|672718.16|653410.53|677180.33|653410.53|23769.80|0.00
12|151|40|1|0.00|0.00|95467.15|95467.15|95467.15|95467.15|0.00|0.00
12|151|40|99|0.00|0.00|637414.73|637414.73|637414.73|637414.73|0.00|0.00
12|151|43|1|0.00|0.00|57619.29|57619.29|57619.29|57619.29|0.00|0.00
12|151|45|3|0.00|0.00|13463.24|13463.24|13463.24|13463.24|0.00|0.00
12|151|45|4|0.00|0.00|4904.38|4904.38|4904.38|4904.38|0.00|0.00
12|151|45|6|0.00|0.00|4396.47|4396.47|4396.47|4396.47|0.00|0.00
12|151|46|15|0.00|0.00|57911.85|57911.85|57911.85|57911.85|0.00|0.00
12|151|51|1|0.00|0.00|2490600.85|2490600.85|2490600.85|2490600.85|0.00|0.00
12|151|51|3|0.00|0.00|4441528.71|4441528.71|4441528.71|4441528.71|0.00|0.00
12|151|51|4|0.00|0.00|4719071.39|4719071.39|4719071.39|4719071.39|0.00|0.00
12|151|51|5|0.00|0.00|629746.34|629746.34|629746.34|629746.34|0.00|0.00
12|151|51|7|0.00|0.00|876860.85|876860.85|876860.85|876860.85|0.00|0.00
12|151|51|99|0.00|0.00|2910562.67|2910562.67|2910562.67|2910562.67|0.00|0.00
12|151|55|1|0.00|0.00|7136.30|7136.30|7136.30|7136.30|0.00|0.00
12|151|55|4|0.00|0.00|1892989.41|1892989.41|1892989.41|1892989.41|0.00|0.00
12|151|55|99|0.00|0.00|476136.87|476136.87|476136.87|476136.87|0.00|0.00
12|151|59|4|0.00|0.00|200.00|200.00|200.00|200.00|0.00|0.00
12|151|61|6|0.00|0.00|91529.20|91529.20|91529.20|91529.20|0.00|0.00
12|151|62|1|0.00|0.00|71354.03|71354.03|71354.03|71354.03|0.00|0.00
12|151|92|0|920273.86|0.00|36902971.24|26067554.10|37823245.10|26067554.10|11755691.00|0.00
12|151|98|0|0.00|179316.17|25462472.86|36297990.00|25462472.86|36477306.17|0.00|11014833.31
12|152|11|5|0.00|0.00|1467567.00|1467567.00|1467567.00|1467567.00|0.00|0.00
12|152|11|6|0.00|0.00|141884.70|141884.70|141884.70|141884.70|0.00|0.00
12|152|12|3|0.00|0.00|137541.51|137541.51|137541.51|137541.51|0.00|0.00
12|152|12|4|0.00|0.00|59036.24|59036.24|59036.24|59036.24|0.00|0.00
12|152|15|3|0.00|0.00|6333.86|6333.86|6333.86|6333.86|0.00|0.00
12|152|15|10|0.00|0.00|631398.09|631398.09|631398.09|631398.09|0.00|0.00
12|152|16|1|0.00|0.00|207214.04|207214.04|207214.04|207214.04|0.00|0.00
12|152|16|2|0.00|0.00|128215.98|128215.98|128215.98|128215.98|0.00|0.00
12|152|32|99|0.00|0.00|451.69|451.69|451.69|451.69|0.00|0.00
12|152|33|1|0.00|0.00|156.00|156.00|156.00|156.00|0.00|0.00
12|152|33|3|0.00|0.00|508.51|508.51|508.51|508.51|0.00|0.00
12|152|58|4|0.00|0.00|284975.07|284975.07|284975.07|284975.07|0.00|0.00
12|152|92|0|0.00|0.00|3065282.69|3065282.69|3065282.69|3065282.69|0.00|0.00
12|152|98|0|0.00|0.00|3065282.69|3065282.69|3065282.69|3065282.69|0.00|0.00
12|212|1|0|0.00|1102528.52|1831.00|132147.53|1831.00|1234676.05|0.00|1232845.05
12|212|3|0|0.00|1169049.53|12128753.86|12320118.25|12128753.86|13489167.78|0.00|1360413.92
12|212|5|0|0.00|1012836.07|1499131.96|1493430.90|1499131.96|2506266.97|0.00|1007135.01
12|212|7|0|0.00|23782.74|1111027.09|1115743.33|1111027.09|1139526.07|0.00|28498.98
12|212|9|0|0.00|2464.06|0.00|0.00|0.00|2464.06|0.00|2464.06
12|212|11|0|0.00|169307.19|36412.59|59101.71|36412.59|228408.90|0.00|191996.31
12|212|17|0|0.00|113507.38|0.00|0.00|0.00|113507.38|0.00|113507.38
12|212|51|0|0.00|17690.98|701115.60|786330.90|701115.60|804021.88|0.00|102906.28
12|212|61|0|0.00|612335.52|4713098.24|4100829.99|4713098.24|4713165.51|0.00|67.27
12|213|51|0|0.00|0.00|17628010.68|17654919.55|17628010.68|17654919.55|0.00|26908.87
12|213|53|0|0.00|0.00|1699903.45|1937543.40|1699903.45|1937543.40|0.00|237639.95
12|213|56|0|0.00|0.00|1068862.13|1068862.13|1068862.13|1068862.13|0.00|0.00
12|213|57|0|0.00|0.00|741293.68|772993.75|741293.68|772993.75|0.00|31700.07
12|213|58|0|0.00|0.00|1232030.61|1793903.52|1232030.61|1793903.52|0.00|561872.91
12|213|61|0|0.00|0.00|254577.41|254577.41|254577.41|254577.41|0.00|0.00
12|213|63|0|0.00|0.00|407489.60|429028.38|407489.60|429028.38|0.00|21538.78
12|213|71|0|0.00|0.00|15573077.79|15581483.91|15573077.79|15581483.91|0.00|8406.12
12|213|73|0|0.00|0.00|9680643.73|11727762.94|9680643.73|11727762.94|0.00|2047119.21
12|213|75|0|0.00|0.00|15936925.74|18444633.39|15936925.74|18444633.39|0.00|2507707.65
12|213|77|0|0.00|0.00|698117.68|732881.88|698117.68|732881.88|0.00|34764.20
12|213|78|0|0.00|0.00|225947.50|285175.07|225947.50|285175.07|0.00|59227.57
12|213|81|7|0.00|0.00|188557.06|213073.99|188557.06|213073.99|0.00|24516.93
12|213|84|0|0.00|0.00|3766742.55|4806727.10|3766742.55|4806727.10|0.00|1039984.55
12|213|96|0|0.00|0.00|991608.52|991608.52|991608.52|991608.52|0.00|0.00
12|213|98|0|0.00|0.00|2085668.64|2085668.64|2085668.64|2085668.64|0.00|0.00
12|222|3|99|0.00|68665.75|164369.83|179012.38|164369.83|247678.13|0.00|83308.30
12|223|1|1|0.00|6226498.24|827238.69|3406806.89|827238.69|9633305.13|0.00|8806066.44
12|223|3|1|0.00|0.00|0.00|18834445.26|0.00|18834445.26|0.00|18834445.26
12|224|98|1|0.00|2379021.39|2085668.64|0.00|2085668.64|2379021.39|0.00|293352.75
12|611|9|0|0.00|149209519.04|49477.19|2836542.55|49477.19|152046061.59|0.00|151996584.40
12|611|99|0|0.00|17980.01|17980.01|0.00|17980.01|17980.01|0.00|0.00
12|618|1|0|0.00|2737547.41|2737547.41|0.00|2737547.41|2737547.41|0.00|0.00
12|619|91|0|1021479.34|0.00|4395.30|0.00|1025874.64|0.00|1025874.64|0.00
12|619|92|0|282.92|0.00|0.00|0.00|282.92|0.00|282.92|0.00
12|621|1|2|0.00|0.00|0.00|1701194.22|0.00|1701194.22|0.00|1701194.22
12|621|2|1|0.00|0.00|0.00|3308228.03|0.00|3308228.03|0.00|3308228.03
12|621|2|2|0.00|0.00|0.00|953124.75|0.00|953124.75|0.00|953124.75
12|621|2|3|0.00|0.00|0.00|100.00|0.00|100.00|0.00|100.00
12|621|2|6|0.00|0.00|0.00|1418703.49|0.00|1418703.49|0.00|1418703.49
12|621|2|7|0.00|0.00|0.00|888866.90|0.00|888866.90|0.00|888866.90
12|621|3|12|0.00|0.00|0.00|50161.11|0.00|50161.11|0.00|50161.11
12|621|7|4|0.00|0.00|0.00|2333770.90|0.00|2333770.90|0.00|2333770.90
12|621|7|8|0.00|0.00|0.00|45538.80|0.00|45538.80|0.00|45538.80
12|621|7|10|0.00|0.00|0.00|75.00|0.00|75.00|0.00|75.00
12|623|1|2|0.00|0.00|0.00|455704.83|0.00|455704.83|0.00|455704.83
12|623|1|3|0.00|0.00|0.00|413456.41|0.00|413456.41|0.00|413456.41
12|623|1|6|0.00|0.00|0.00|28574.50|0.00|28574.50|0.00|28574.50
12|623|1|8|0.00|0.00|0.00|92314.23|0.00|92314.23|0.00|92314.23
12|623|1|9|0.00|0.00|0.00|460978.00|0.00|460978.00|0.00|460978.00
12|623|1|10|0.00|0.00|0.00|980404.24|0.00|980404.24|0.00|980404.24
12|623|1|11|0.00|0.00|0.00|115020.50|0.00|115020.50|0.00|115020.50
12|623|1|12|0.00|0.00|0.00|328617.39|0.00|328617.39|0.00|328617.39
12|623|1|14|0.00|0.00|0.00|97433.70|0.00|97433.70|0.00|97433.70
12|623|1|16|0.00|0.00|0.00|988582.11|0.00|988582.11|0.00|988582.11
12|623|1|17|0.00|0.00|0.00|22639.57|0.00|22639.57|0.00|22639.57
12|623|1|18|0.00|0.00|0.00|373962.40|0.00|373962.40|0.00|373962.40
12|623|1|20|0.00|0.00|0.00|19381.31|0.00|19381.31|0.00|19381.31
12|623|1|21|0.00|0.00|0.00|132940.65|0.00|132940.65|0.00|132940.65
12|623|1|27|0.00|0.00|0.00|53537.99|0.00|53537.99|0.00|53537.99
12|623|1|28|0.00|0.00|0.00|3792.04|0.00|3792.04|0.00|3792.04
12|623|1|99|0.00|0.00|0.00|1389892.65|0.00|1389892.65|0.00|1389892.65
12|623|3|8|0.00|0.00|0.00|16102.18|0.00|16102.18|0.00|16102.18
12|623|4|6|0.00|0.00|0.00|359510.36|0.00|359510.36|0.00|359510.36
12|623|4|7|0.00|0.00|0.00|995125.01|0.00|995125.01|0.00|995125.01
12|623|4|8|0.00|0.00|0.00|39449.28|0.00|39449.28|0.00|39449.28
12|623|4|9|0.00|0.00|0.00|113512.37|0.00|113512.37|0.00|113512.37
12|623|4|99|0.00|0.00|0.00|62862.54|0.00|62862.54|0.00|62862.54
12|624|2|1|0.00|0.00|0.00|21658.40|0.00|21658.40|0.00|21658.40
12|624|2|2|0.00|0.00|0.00|1853.83|0.00|1853.83|0.00|1853.83
12|624|2|6|0.00|0.00|0.00|161435.34|0.00|161435.34|0.00|161435.34
12|624|2|7|0.00|0.00|0.00|921.59|0.00|921.59|0.00|921.59
12|624|2|10|0.00|0.00|0.00|21750.51|0.00|21750.51|0.00|21750.51
12|624|2|99|0.00|0.00|0.00|126677.37|0.00|126677.37|0.00|126677.37
12|624|3|1|0.00|0.00|0.00|4088549.76|0.00|4088549.76|0.00|4088549.76
12|624|3|3|0.00|0.00|0.00|1419892.45|0.00|1419892.45|0.00|1419892.45
12|624|3|99|0.00|0.00|0.00|1771378.40|0.00|1771378.40|0.00|1771378.40
12|624|23|1|0.00|0.00|0.00|21447.17|0.00|21447.17|0.00|21447.17
12|625|1|7|0.00|0.00|0.00|3197.00|0.00|3197.00|0.00|3197.00
12|625|2|2|0.00|0.00|0.00|1094014.56|0.00|1094014.56|0.00|1094014.56
12|625|2|4|0.00|0.00|0.00|12627.13|0.00|12627.13|0.00|12627.13
12|625|3|1|0.00|0.00|0.00|410836.89|0.00|410836.89|0.00|410836.89
12|625|3|2|0.00|0.00|0.00|12972.20|0.00|12972.20|0.00|12972.20
12|625|4|2|0.00|0.00|0.00|1127259.51|0.00|1127259.51|0.00|1127259.51
12|625|4|4|0.00|0.00|0.00|185495.55|0.00|185495.55|0.00|185495.55
12|625|4|10|0.00|0.00|0.00|10944.00|0.00|10944.00|0.00|10944.00
12|625|4|16|0.00|0.00|0.00|2651264.18|0.00|2651264.18|0.00|2651264.18
12|625|4|99|0.00|0.00|0.00|483243.72|0.00|483243.72|0.00|483243.72
12|625|24|1|0.00|0.00|0.00|135737.22|0.00|135737.22|0.00|135737.22
12|625|24|99|0.00|0.00|0.00|565693.75|0.00|565693.75|0.00|565693.75
12|626|4|7|0.00|0.00|0.00|1332408.56|0.00|1332408.56|0.00|1332408.56
12|626|21|1|0.00|0.00|0.00|2672688.66|0.00|2672688.66|0.00|2672688.66
12|626|21|3|0.00|0.00|0.00|789481.03|0.00|789481.03|0.00|789481.03
12|626|21|4|0.00|0.00|0.00|964135.52|0.00|964135.52|0.00|964135.52
12|626|21|6|0.00|0.00|0.00|719298.35|0.00|719298.35|0.00|719298.35
12|626|26|16|0.00|0.00|0.00|19108568.47|0.00|19108568.47|0.00|19108568.47
12|626|30|2|0.00|0.00|0.00|3745729.62|0.00|3745729.62|0.00|3745729.62
12|631|51|0|0.00|0.00|39363272.69|0.00|39363272.69|0.00|39363272.69|0.00
12|631|54|0|0.00|0.00|5773797.61|0.00|5773797.61|0.00|5773797.61|0.00
12|633|1|5|0.00|0.00|6771840.58|0.00|6771840.58|0.00|6771840.58|0.00
12|633|1|6|0.00|0.00|2950369.43|0.00|2950369.43|0.00|2950369.43|0.00
12|633|2|3|0.00|0.00|878335.98|0.00|878335.98|0.00|878335.98|0.00
12|633|2|4|0.00|0.00|435295.24|0.00|435295.24|0.00|435295.24|0.00
12|633|3|4|0.00|0.00|126669.00|0.00|126669.00|0.00|126669.00|0.00
12|633|3|6|0.00|0.00|952965.50|0.00|952965.50|0.00|952965.50|0.00
12|633|4|1|0.00|0.00|42599.28|0.00|42599.28|0.00|42599.28|0.00
12|633|4|8|0.00|0.00|151746.98|0.00|151746.98|0.00|151746.98|0.00
12|633|5|3|0.00|0.00|22689.49|0.00|22689.49|0.00|22689.49|0.00
12|633|5|9|0.00|0.00|959874.71|0.00|959874.71|0.00|959874.71|0.00
12|633|5|10|0.00|0.00|1702506.82|0.00|1702506.82|0.00|1702506.82|0.00
12|633|5|12|0.00|0.00|99938.05|0.00|99938.05|0.00|99938.05|0.00
12|633|5|13|0.00|0.00|49675.62|0.00|49675.62|0.00|49675.62|0.00
12|633|6|1|0.00|0.00|1214698.71|0.00|1214698.71|0.00|1214698.71|0.00
12|633|6|2|0.00|0.00|814381.87|0.00|814381.87|0.00|814381.87|0.00
12|633|6|6|0.00|0.00|282093.95|0.00|282093.95|0.00|282093.95|0.00
12|633|7|4|0.00|0.00|50117.79|0.00|50117.79|0.00|50117.79|0.00
12|633|7|5|0.00|0.00|13850.78|0.00|13850.78|0.00|13850.78|0.00
12|633|7|7|0.00|0.00|135269.77|0.00|135269.77|0.00|135269.77|0.00
12|634|1|4|0.00|0.00|383080.42|0.00|383080.42|0.00|383080.42|0.00
12|634|1|5|0.00|0.00|151300.79|0.00|151300.79|0.00|151300.79|0.00
12|634|1|6|0.00|0.00|6161.60|0.00|6161.60|0.00|6161.60|0.00
12|634|2|4|0.00|0.00|88275.04|0.00|88275.04|0.00|88275.04|0.00
12|634|2|5|0.00|0.00|88074.50|0.00|88074.50|0.00|88074.50|0.00
12|634|2|17|0.00|0.00|151.94|0.00|151.94|0.00|151.94|0.00
12|634|2|18|0.00|0.00|40546.63|0.00|40546.63|0.00|40546.63|0.00
12|634|2|99|0.00|0.00|187439.56|0.00|187439.56|0.00|187439.56|0.00
12|634|3|1|0.00|0.00|13748.33|0.00|13748.33|0.00|13748.33|0.00
12|634|3|3|0.00|0.00|10189.58|0.00|10189.58|0.00|10189.58|0.00
12|634|3|4|0.00|0.00|3041.65|0.00|3041.65|0.00|3041.65|0.00
12|634|4|2|0.00|0.00|995.85|0.00|995.85|0.00|995.85|0.00
12|634|4|3|0.00|0.00|1953.38|0.00|1953.38|0.00|1953.38|0.00
12|634|4|4|0.00|0.00|6757.23|0.00|6757.23|0.00|6757.23|0.00
12|634|4|5|0.00|0.00|11926.24|0.00|11926.24|0.00|11926.24|0.00
12|634|4|99|0.00|0.00|24632.08|0.00|24632.08|0.00|24632.08|0.00
12|634|5|4|0.00|0.00|60226.39|0.00|60226.39|0.00|60226.39|0.00
12|634|5|5|0.00|0.00|1360.00|0.00|1360.00|0.00|1360.00|0.00
12|634|6|3|0.00|0.00|11459.92|0.00|11459.92|0.00|11459.92|0.00
12|634|6|6|0.00|0.00|9691.49|0.00|9691.49|0.00|9691.49|0.00
12|634|7|2|0.00|0.00|2251.50|0.00|2251.50|0.00|2251.50|0.00
12|634|7|4|0.00|0.00|6216.17|0.00|6216.17|0.00|6216.17|0.00
12|634|8|1|0.00|0.00|2312.00|0.00|2312.00|0.00|2312.00|0.00
12|634|8|2|0.00|0.00|486680.11|0.00|486680.11|0.00|486680.11|0.00
12|634|8|3|0.00|0.00|67870.22|0.00|67870.22|0.00|67870.22|0.00
12|634|8|4|0.00|0.00|153886.22|0.00|153886.22|0.00|153886.22|0.00
12|634|8|5|0.00|0.00|12452.45|0.00|12452.45|0.00|12452.45|0.00
12|634|8|7|0.00|0.00|1020.00|0.00|1020.00|0.00|1020.00|0.00
12|634|8|9|0.00|0.00|2561.78|0.00|2561.78|0.00|2561.78|0.00
12|634|8|11|0.00|0.00|210670.26|0.00|210670.26|0.00|210670.26|0.00
12|634|8|13|0.00|0.00|22567.46|0.00|22567.46|0.00|22567.46|0.00
12|634|8|99|0.00|0.00|24838.80|0.00|24838.80|0.00|24838.80|0.00
12|634|10|2|0.00|0.00|4959.00|0.00|4959.00|0.00|4959.00|0.00
12|634|45|3|0.00|0.00|8609.98|0.00|8609.98|0.00|8609.98|0.00
12|634|45|4|0.00|0.00|17946.28|0.00|17946.28|0.00|17946.28|0.00
12|634|45|7|0.00|0.00|191.70|0.00|191.70|0.00|191.70|0.00
12|635|1|2|0.00|0.00|9824.19|0.00|9824.19|0.00|9824.19|0.00
12|635|2|1|0.00|0.00|612160.09|0.00|612160.09|0.00|612160.09|0.00
12|635|2|6|0.00|0.00|82782.02|0.00|82782.02|0.00|82782.02|0.00
12|635|3|1|0.00|0.00|211036.79|0.00|211036.79|0.00|211036.79|0.00
12|635|4|1|0.00|0.00|85488.46|0.00|85488.46|0.00|85488.46|0.00
12|635|4|3|0.00|0.00|5501.59|0.00|5501.59|0.00|5501.59|0.00
12|635|4|19|0.00|0.00|11318.12|0.00|11318.12|0.00|11318.12|0.00
12|635|4|99|0.00|0.00|652569.50|0.00|652569.50|0.00|652569.50|0.00
12|636|1|1|0.00|0.00|434274.75|0.00|434274.75|0.00|434274.75|0.00
12|636|1|2|0.00|0.00|144685.88|0.00|144685.88|0.00|144685.88|0.00
12|636|4|7|0.00|0.00|1214942.89|0.00|1214942.89|0.00|1214942.89|0.00
12|638|2|0|0.00|0.00|87015.56|0.00|87015.56|0.00|87015.56|0.00
12|638|51|0|0.00|0.00|1457965.83|0.00|1457965.83|0.00|1457965.83|0.00
12|639|53|0|0.00|0.00|570781.36|0.00|570781.36|0.00|570781.36|0.00
12|911|7|0|682128.80|0.00|1015384.10|1556021.10|1697512.90|1556021.10|141491.80|0.00
12|911|9|0|5839653.02|0.00|25818910.14|11573668.65|31658563.16|11573668.65|20084894.51|0.00
12|911|13|0|79506.24|0.00|8793.49|38.94|88299.73|38.94|88260.79|0.00
12|911|17|0|381141.80|0.00|49515.46|6176.14|430657.26|6176.14|424481.12|0.00
12|911|19|0|0.29|0.00|0.00|0.00|0.29|0.00|0.29|0.00
12|911|23|0|0.00|0.00|1740474.80|33279.61|1740474.80|33279.61|1707195.19|0.00
12|921|7|0|0.00|682128.80|1556021.10|1015384.10|1556021.10|1697512.90|0.00|141491.80
12|921|9|0|0.00|5839653.02|11573668.65|25818910.14|11573668.65|31658563.16|0.00|20084894.51
12|921|13|0|0.00|79506.24|38.94|8793.49|38.94|88299.73|0.00|88260.79
12|921|17|0|0.00|381141.80|6176.14|49515.46|6176.14|430657.26|0.00|424481.12
12|921|19|0|0.00|0.29|0.00|0.00|0.00|0.29|0.00|0.29
12|921|23|0|0.00|0.00|33279.61|1740474.80|33279.61|1740474.80|0.00|1707195.19
